031005001001
031003003001
031003003002
031003001001
031003001002
031003001003
031003001004
031001002001
031001002002
031001002003
031001002004
031001002005
031001002006
031002003001
031002001001
031201004001
031201001001
031208002001
031208002002
031208007001
030703008001
030703008002
030703008003
030702001001
030702001002
031005001002
031003003003
031003001005
031003001006
031001002007
031001002008
031001002009
031009001001
030704001001
031301017001
010904002001
011604002001
011605002001
011606003001
011604003001
011609001001
011610001001
011707006001
011707007001
011701006002
011701006001
030404004001
030404017001
030404017002
030404017003
030404017004
030404017005
030404017006
030404017007
030404017008
030404033001
030412001001
030412002001
030412004001
030412004002
030412004003
030412004004
030412001002
030412005001
030412005002
030412006001
030412001003
030412001004
030412001005
030412001006
030404035001
030404035002
030404034001
030404034002
030404034003
030404031001
030404031002
030411003001
030411003002
030411003003
030411003004
030411001001
030411001002
030411001003
030411001004
030411001005
030411001006
030411001007
030411001008
030411001009
030411001010
030411001011
030411001012
030411001013
030411001014
030411001015
030411001016
030411001017
030411001018
030408001001
030408001002
030408001003
030408001004
030408001005
030408001006
030408001007
030408001008
030408001009
030408001010
030408001011
030408001012
030408001013
030408001014
030408006001
030408006002
030408006003
030411004001
030411004002
030411004003
030411004004
030411004005
030411004006
030411004007
030411004008
030411004009
030411004010
030411004011
030411004012
030411004013
030411004014
030411004015
030411004016
030411004017
030411004018
030411004019
030411004020
030411004021
030411004022
030411004023
030411004024
030411004025
030904012001
030904013001
030904001001
030904001002
030904001003
030904007001
030904003001
030904003002
030904005001
030904008001
030904008002
030904008003
030904006001
030904008004
040205020001
030411001019
030411001020
030404004002
030404017009
030404017010
030404017011
030412001007
030412002002
030412004005
030412005003
030412005004
030412001008
031004006001
031004006002
031004007001
031004003001
031003008001
031003013001
031003003004
031003010001
031003012001
031003008002
031003013002
031003003005
031003001007
031003001008
031004008001
030817008001
030817008002
030817008003
031001007001
031001007002
031001007003
031001007004
031001007005
031001007006
031001006001
031001006002
031001006003
031001006004
031001006005
031001006006
031001006007
031001006008
031001006009
031001006010
031001001001
031001001002
031001001003
031001001004
031001001005
031001001006
031001006011
030901012001
031003003006
031003003007
030901010001
030901010002
030901002001
030901002002
030901003001
031003001009
031003001010
031003001011
030901006001
031003003008
030901001001
030901001002
030901001003
030901001004
030901001005
030901001006
030901001007
030901001008
031002003002
031002003003
031002003004
031002003005
031002003006
031002003007
031004006003
031004006004
031004007002
031004003002
031001007007
031001007008
031001007009
031001006012
031001006013
011103003001
011102003001
011102003002
011102003003
011201001001
011406001001
011204003001
011204003002
011204004001
011204001001
011302001001
011302001002
011302001003
011502004001
011503008001
011301001001
011406001002
011504001001
011504003001
010809004001
010810002001
011105005001
011105004001
011503007001
011503007002
010801001001
010801004001
011210005001